0000000000000000000000000000000000000000000000000000000000000000000000000000000000000000000000000000000000000000000000000000000000000000000000000000000000000000
0000000000000000000000000000000000000000000000000000000000000000000000000000000000000000000000000000000000000000000000000000000000000000000000000000000000000000
0000000000000000000000000000000000000000000000000000000000000000000000000000000000000000000000000000000000000000000000000000000000000000000000000000000000000000
0000000000000000000000000000000000000000000000000000000000000000000000000000000000000000000000000000000000000000000000000000000000000000000000000000000000000000
0000034503450345034500000000000000000000000000000000000000000000000000000000000000000000000000000000000000000000000000000000000000000000000000000000000000000000
0000305430543054305400000000000000000000000000000000000000000000000000000000000000000000000000000000000000000000000000000000000000000000000000000000000000000000
0000450345034503450300000000000000000000000000000000000000000000000000000000000000000000000000000000000000000000000000000000000000000000000000000000000000000000
0000543054305430543000000000000000000000000000000000000000000000000000000000000000000000000000000000000000000000000000000000000000000000000000000000000000000000
0000034503450345034500000000000000000000000000000000000000000000000000000000000000000000000000000000000000000000000000000000000000000000000000000000000000000000
0000305430543054305400000000000000000000000000000000000000000000000000000000000000000000000000000000000000000000000000000000000000000000000000000000000000000000
0000450345034503450300000000000000000000000000000000000000000000000000000000000000000000000000000000000000000000000000000000000000000000000000000000000000000000
0000543054305430543000000000000000000000000000000000000000000000000000000000000000000000000000000000000000000000000000000000000000000000000000000000000000000000
0000000000000000000000000000000000000000000000000000000000000000000000000000000000000000000000000000000000000000000000000000000000000000000000000000000000000000
0000000000000000000000000000000000000000000000000000000000000000000000000000000000000000000000000000000000000000000000000000000000000000000000000000000000000000
0000000000000000000000000000000000000000000000000000000000000000000000000000000000000000000000000000000000000000000000000000000000000000000000000000000000000000
0000000000000000000000000000000000000000000000000000000000000000000000000000000000000000000000000000000000000000000000000000000000000000000000000000000000000000
0000045604560456045604560456000000000000000000000000000000000000000000000000000000000000000000000000000000000000000000000000000000000000000000000000000000000000
0000406540654065406540654065000000000000000000000000000000000000000000000000000000000000000000000000000000000000000000000000000000000000000000000000000000000000
0000560456045604560456045604000000000000000000000000000000000000000000000000000000000000000000000000000000000000000000000000000000000000000000000000000000000000
0000654065406540654065406540000000000000000000000000000000000000000000000000000000000000000000000000000000000000000000000000000000000000000000000000000000000000
0000045604560456045604560456000000000000000000000000000000000000000000000000000000000000000000000000000000000000000000000000000000000000000000000000000000000000
0000406540654065406540654065000000000000000000000000000000000000000000000000000000000000000000000000000000000000000000000000000000000000000000000000000000000000
0000560456045604560456045604000000000000000000000000000000000000000000000000000000000000000000000000000000000000000000000000000000000000000000000000000000000000
0000654065406540654065406540000000000000000000000000000000000000000000000000000000000000000000000000000000000000000000000000000000000000000000000000000000000000
0000000000000000000000000000000000000000000000000000000000000000000000000000000000000000000000000000000000000000000000000000000000000000000000000000000000000000
0000000000000000000000000000000000000000000000000000000000000000000000000000000000000000000000000000000000000000000000000000000000000000000000000000000000000000
0000000000000000000000000000000000000000000000000000000000000000000000000000000000000000000000000000000000000000000000000000000000000000000000000000000000000000
0000000000000000000000000000000000000000000000000000000000000000000000000000000000000000000000000000000000000000000000000000000000000000000000000000000000000000
0000056705670567056705670567056705670000000000000000000000000000000000000000000000000000000000000000000000000000000000000000000000000000000000000000000000000000
0000507650765076507650765076507650760000000000000000000000000000000000000000000000000000000000000000000000000000000000000000000000000000000000000000000000000000
0000670567056705670567056705670567050000000000000000000000000000000000000000000000000000000000000000000000000000000000000000000000000000000000000000000000000000
0000765076507650765076507650765076500000000000000000000000000000000000000000000000000000000000000000000000000000000000000000000000000000000000000000000000000000
0000056705670567056705670567056705670000000000000000000000000000000000000000000000000000000000000000000000000000000000000000000000000000000000000000000000000000
0000507650765076507650765076507650760000000000000000000000000000000000000000000000000000000000000000000000000000000000000000000000000000000000000000000000000000
0000670567056705670567056705670567050000000000000000000000000000000000000000000000000000000000000000000000000000000000000000000000000000000000000000000000000000
0000765076507650765076507650765076500000000000000000000000000000000000000000000000000000000000000000000000000000000000000000000000000000000000000000000000000000
0000000000000000000000000000000000000000000000000000000000000000000000000000000000000000000000000000000000000000000000000000000000000000000000000000000000000000
0000000000000000000000000000000000000000000000000000000000000000000000000000000000000000000000000000000000000000000000000000000000000000000000000000000000000000
0000000000000000000000000000000000000000000000000000000000000000000000000000000000000000000000000000000000000000000000000000000000000000000000000000000000000000
0000000000000000000000000000000000000000000000000000000000000000000000000000000000000000000000000000000000000000000000000000000000000000000000000000000000000000
0000067806780678067806780678067806780678067800000000000000000000000000000000000000000000000000000000000000000000000000000000000000000000000000000000000000000000
0000608760876087608760876087608760876087608700000000000000000000000000000000000000000000000000000000000000000000000000000000000000000000000000000000000000000000
0000780678067806780678067806780678067806780600000000000000000000000000000000000000000000000000000000000000000000000000000000000000000000000000000000000000000000
0000876087608760876087608760876087608760876000000000000000000000000000000000000000000000000000000000000000000000000000000000000000000000000000000000000000000000
0000067806780678067806780678067806780678067800000000000000000000000000000000000000000000000000000000000000000000000000000000000000000000000000000000000000000000
0000608760876087608760876087608760876087608700000000000000000000000000000000000000000000000000000000000000000000000000000000000000000000000000000000000000000000
0000780678067806780678067806780678067806780600000000000000000000000000000000000000000000000000000000000000000000000000000000000000000000000000000000000000000000
0000876087608760876087608760876087608760876000000000000000000000000000000000000000000000000000000000000000000000000000000000000000000000000000000000000000000000
0000000000000000000000000000000000000000000000000000000000000000000000000000000000000000000000000000000000000000000000000000000000000000000000000000000000000000
0000000000000000000000000000000000000000000000000000000000000000000000000000000000000000000000000000000000000000000000000000000000000000000000000000000000000000
0000000000000000000000000000000000000000000000000000000000000000000000000000000000000000000000000000000000000000000000000000000000000000000000000000000000000000
0000000000000000000000000000000000000000000000000000000000000000000000000000000000000000000000000000000000000000000000000000000000000000000000000000000000000000
0000078907890789078907890789078907890789078907890789000000000000000000000000000000000000000000000000000000000000000000000000000000000000000000000000000000000000
0000709870987098709870987098709870987098709870987098000000000000000000000000000000000000000000000000000000000000000000000000000000000000000000000000000000000000
0000890789078907890789078907890789078907890789078907000000000000000000000000000000000000000000000000000000000000000000000000000000000000000000000000000000000000
0000987098709870987098709870987098709870987098709870000000000000000000000000000000000000000000000000000000000000000000000000000000000000000000000000000000000000
0000078907890789078907890789078907890789078907890789000000000000000000000000000000000000000000000000000000000000000000000000000000000000000000000000000000000000
0000709870987098709870987098709870987098709870987098000000000000000000000000000000000000000000000000000000000000000000000000000000000000000000000000000000000000
0000890789078907890789078907890789078907890789078907000000000000000000000000000000000000000000000000000000000000000000000000000000000000000000000000000000000000
0000987098709870987098709870987098709870987098709870000000000000000000000000000000000000000000000000000000000000000000000000000000000000000000000000000000000000
0000000000000000000000000000000000000000000000000000000000000000000000000000000000000000000000000000000000000000000000000000000000000000000000000000000000000000
0000000000000000000000000000000000000000000000000000000000000000000000000000000000000000000000000000000000000000000000000000000000000000000000000000000000000000
0000000000000000000000000000000000000000000000000000000000000000000000000000000000000000000000000000000000000000000000000000000000000000000000000000000000000000
0000000000000000000000000000000000000000000000000000000000000000000000000000000000000000000000000000000000000000000000000000000000000000000000000000000000000000
0000089a089a089a089a089a089a089a089a089a089a089a089a089a089a0000000000000000000000000000000000000000000000000000000000000000000000000000000000000000000000000000
000080a980a980a980a980a980a980a980a980a980a980a980a980a980a90000000000000000000000000000000000000000000000000000000000000000000000000000000000000000000000000000
00009a089a089a089a089a089a089a089a089a089a089a089a089a089a080000000000000000000000000000000000000000000000000000000000000000000000000000000000000000000000000000
0000a980a980a980a980a980a980a980a980a980a980a980a980a980a9800000000000000000000000000000000000000000000000000000000000000000000000000000000000000000000000000000
0000089a089a089a089a089a089a089a089a089a089a089a089a089a089a0000000000000000000000000000000000000000000000000000000000000000000000000000000000000000000000000000
000080a980a980a980a980a980a980a980a980a980a980a980a980a980a90000000000000000000000000000000000000000000000000000000000000000000000000000000000000000000000000000
00009a089a089a089a089a089a089a089a089a089a089a089a089a089a080000000000000000000000000000000000000000000000000000000000000000000000000000000000000000000000000000
0000a980a980a980a980a980a980a980a980a980a980a980a980a980a9800000000000000000000000000000000000000000000000000000000000000000000000000000000000000000000000000000
0000000000000000000000000000000000000000000000000000000000000000000000000000000000000000000000000000000000000000000000000000000000000000000000000000000000000000
0000000000000000000000000000000000000000000000000000000000000000000000000000000000000000000000000000000000000000000000000000000000000000000000000000000000000000
0000000000000000000000000000000000000000000000000000000000000000000000000000000000000000000000000000000000000000000000000000000000000000000000000000000000000000
0000000000000000000000000000000000000000000000000000000000000000000000000000000000000000000000000000000000000000000000000000000000000000000000000000000000000000
000009ab09ab09ab09ab09ab09ab09ab09ab09ab09ab09ab09ab09ab09ab09ab09ab00000000000000000000000000000000000000000000000000000000000000000000000000000000000000000000
000090ba90ba90ba90ba90ba90ba90ba90ba90ba90ba90ba90ba90ba90ba90ba90ba00000000000000000000000000000000000000000000000000000000000000000000000000000000000000000000
0000ab09ab09ab09ab09ab09ab09ab09ab09ab09ab09ab09ab09ab09ab09ab09ab0900000000000000000000000000000000000000000000000000000000000000000000000000000000000000000000
0000ba90ba90ba90ba90ba90ba90ba90ba90ba90ba90ba90ba90ba90ba90ba90ba9000000000000000000000000000000000000000000000000000000000000000000000000000000000000000000000
000009ab09ab09ab09ab09ab09ab09ab09ab09ab09ab09ab09ab09ab09ab09ab09ab00000000000000000000000000000000000000000000000000000000000000000000000000000000000000000000
000090ba90ba90ba90ba90ba90ba90ba90ba90ba90ba90ba90ba90ba90ba90ba90ba00000000000000000000000000000000000000000000000000000000000000000000000000000000000000000000
0000ab09ab09ab09ab09ab09ab09ab09ab09ab09ab09ab09ab09ab09ab09ab09ab0900000000000000000000000000000000000000000000000000000000000000000000000000000000000000000000
0000ba90ba90ba90ba90ba90ba90ba90ba90ba90ba90ba90ba90ba90ba90ba90ba9000000000000000000000000000000000000000000000000000000000000000000000000000000000000000000000
0000000000000000000000000000000000000000000000000000000000000000000000000000000000000000000000000000000000000000000000000000000000000000000000000000000000000000
0000000000000000000000000000000000000000000000000000000000000000000000000000000000000000000000000000000000000000000000000000000000000000000000000000000000000000
0000000000000000000000000000000000000000000000000000000000000000000000000000000000000000000000000000000000000000000000000000000000000000000000000000000000000000
0000000000000000000000000000000000000000000000000000000000000000000000000000000000000000000000000000000000000000000000000000000000000000000000000000000000000000
0000000000000000000000000000000000000000000000000000000000000000000000000000000000000000000000000000000000000000000000000000000000000000000000000000000000000000
0000000000000000000000000000000000000000000000000000000000000000000000000000000000000000000000000000000000000000000000000000000000000000000000000000000000000000
0000000000000000000000000000000000000000000000000000000000000000000000000000000000000000000000000000000000000000000000000000000000000000000000000000000000000000
0000000000000000000000000000000000000000000000000000000000000000000000000000000000000000000000000000000000000000000000000000000000000000000000000000000000000000
0000000000000000000000000000000000000000000000000000000000000000000000000000000000000000000000000000000000000000000000000000000000000000000002468ace02468ace0246
0000000000000000000000000000000000000000000000000000000000000000000000000000000000000000000000000000000000000000000000000000000000000000000013579bdf13579bdf1357
000000000000000000000000000000000000000000000000000000000000000000000000000000000000000000000000000000000000000000000000000000000000000000002468ace02468ace02468
000000000000000000000000000000000000000000000000000000000000000000000000000000000000000000000000000000000000000000000000000000000000000000003579bdf13579bdf13579
00000000000000000000000000000000000000000000000000000000000000000000000000000000000000000000000000000000000000000000000000000000000000000000468ace02468ace02468a
00000000000000000000000000000000000000000000000000000000000000000000000000000000000000000000000000000000000000000000000000000000000000000000579bdf13579bdf13579b
0000000000000000000000000000000000000000000000000000000000000000000000000000000000000000000000000000000000000000000000000000000000000000000068ace02468ace02468ac
0000000000000000000000000000000000000000000000000000000000000000000000000000000000000000000000000000000000000000000000000000000000000000000079bdf13579bdf13579bd
0000000000000000000000000000000000000000000000000000000000000000000000000000000000000000000000000000000000000000000000000000000000000000000000000000000000000000
0000000000000000000000000000000000000000000000000000000000000000000000000000000000000000000000000000000000000000000000000000000000000000000000000000000000000000
0000000000000000000000000000000000000000000000000000000000000000000000000000000000000000000000000000000000000000000000000000000000000000000000000000000000000000
0000000000000000000000000000000000000000000000000000000000000000000000000000000000000000000000000000000000000000000000000000000000000000000000000000000000000000
000cba98760cba98760cba98760cba98760cba98760cba987600000000000000000000000000000000000000000000000000000000000000000000000000000000000000000000000000000000000000
000760cba98760cba98760cba98760cba98760cba98760cba980000000000000000000000000000000000000000000000000000000000000000000000000000000000000000000000000000000000000
000a98760cba98760cba98760cba98760cba98760cba98760cb0000000000000000000000000000000000000000000000000000000000000000000000000000000000000000000000000000000000000
0000cba98760cba98760cba98760cba98760cba98760cba98760000000000000000000000000000000000000000000000000000000000000000000000000000000000000000000000000000000000000
0008760cba98760cba98760cba98760cba98760cba98760cba90000000000000000000000000000000000000000000000000000000000000000000000000000000000000000000000000000000000000
000ba98760cba98760cba98760cba98760cba98760cba98760c0000000000000000000000000000000000000000000000000000000000000000000000000000000000000000000000000000000000000
00060cba98760cba98760cba98760cba98760cba98760cba9870000000000000000000000000000000000000000000000000000000000000000000000000000000000000000000000000000000000000
00098760cba98760cba98760cba98760cba98760cba98760cba0000000000000000000000000000000000000000000000000000000000000000000000000000000000000000000000000000000000000
0000000000000000000000000000000000000000000000000000000000000000000000000000000000000000000000000000000000000000000000000000000000000000000000000000000000000000
0000000000000000000000000000000000000000000000000000000000000000000000000000000000000000000000000000000000000000000000000000000000000000000000000000000000000000
0000000000000000000000000000000000000000000000000000000000000000000000000000000000000000000000000000000000000000000000000000000000000000000000000000000000000000
0000000000000000000000000000000000000000000000000000000000000000000000000000000000000000000000000000000000000000000000000000000000000000000000000000000000000000
0000000000000000000000000000000000000000000000000000000000000000000000000000000000000000000000000000000000000000000000000000000000000000000000000000000000000000
0000000000000000000000000000000000000000000000000000000000000000000000000000000000000000000000000000000000000000000000000000000000000000000000000000000000000000
0000000000000000000000000000000000000000000000000000000000000000000000000000000000000000000000000000000000000000000000000000000000000000000000000000000000000000
0000000000000000000000000000000000000000000000000000000000000000000000000000000000000000000000000000000000000000000000000000000000000000000000000000000000000000
