0000000000000000000000000000000000000000000000000000000000000000000000000000000000000000000000000000000000000000000000000000000000000000000000000000000000000000
0000000000000000000000000000000000000000000000000000000000000000000000000000000000000000000000000000000000000000000000000000000000000000000000000000000000000000
0000000000000000000000000000000000000000000000000000000000000000000000000000000000000000000000000000000000000000000000000000000000000000000000000000000000000000
0000000000000000000000000000000000000000000000000000000000000000000000000000000000000000000000000000000000000000000000000000000000000000000000000000000000000000
0000000000000000000000000000000000000000000000000000000000000000000000000000000000000000000000000000000000000000000000000000000000000000000000000000000000000000
0000000000000000000000000000000000000000000000000000000000000000000000000000000000000000000000000000000000000000000000000000000000000000000000000000000000000000
0000000000000000000000000000000000000000000000000000000000000000000000000000000000000000000000000000000000000000000000000000000000000000000000000000000000000000
0000000000000000000000000000000000000000000000000000000000000000000000000000000000000000000000000000000000000000000000000000000000000000000000000000000000000000
0000000000000000000000000000000000000000000000000000000000000000000000000000000000000000000000000000000000000000000000000000000000000000000000000000000000000000
0000000000000000000000000000000000000000000000000000000000000000000000000000000000000000000000000000000000000000000000000000000000000000000000000000000000000000
000000000101010100202020200303030300404040400505050500606060600707070700808080800909090900a0a0a0a00b0b0b0b00c0c0c0c00d0d0d0d00e0e0e0e00f0f0f0f000000000000000000
00000000101010100202020200303030300404040400505050500606060600707070700808080800909090900a0a0a0a00b0b0b0b00c0c0c0c00d0d0d0d00e0e0e0e00f0f0f0f0000000000000000000
000000000101010100202020200303030300404040400505050500606060600707070700808080800909090900a0a0a0a00b0b0b0b00c0c0c0c00d0d0d0d00e0e0e0e00f0f0f0f000000000000000000
00000000101010100202020200303030300404040400505050500606060600707070700808080800909090900a0a0a0a00b0b0b0b00c0c0c0c00d0d0d0d00e0e0e0e00f0f0f0f0000000000000000000
000000000101010100202020200303030300404040400505050500606060600707070700808080800909090900a0a0a0a00b0b0b0b00c0c0c0c00d0d0d0d00e0e0e0e00f0f0f0f000000000000000000
00000000101010100202020200303030300404040400505050500606060600707070700808080800909090900a0a0a0a00b0b0b0b00c0c0c0c00d0d0d0d00e0e0e0e00f0f0f0f0000000000000000000
000000000101010100202020200303030300404040400505050500606060600707070700808080800909090900a0a0a0a00b0b0b0b00c0c0c0c00d0d0d0d00e0e0e0e00f0f0f0f000000000000000000
00000000101010100202020200303030300404040400505050500606060600707070700808080800909090900a0a0a0a00b0b0b0b00c0c0c0c00d0d0d0d00e0e0e0e00f0f0f0f0000000000000000000
0000000000000000000000000000000000000000000000000000000000000000000000000000000000000000000000000000000000000000000000000000000000000000000000000000000000000000
0000000000000000000000000000000000000000000000000000000000000000000000000000000000000000000000000000000000000000000000000000000000000000000000000000000000000000
0000000000000000000000000000000000000000000000000000000000000000000000000000000000000000000000000000000000000000000000000000000000000000000000000000000000000000
0000000000000000000000000000000000000000000000000000000000000000000000000000000000000000000000000000000000000000000000000000000000000000000000000000000000000000
0000000000000000000000000000000000000000000000000000000000000000000000000000000000000000000000000000000000000000000000000000000000000000000000000000000000000000
0000000000000000000000000000000000000000000000000000000000000000000000000000000000000000000000000000000000000000000000000000000000000000000000000000000000000000
0000000000000000000000000000000000000000000000000000000000000000000000000000000000000000000000000000000000000000000000000000000000000000000000000000000000000000
0000000000000000000000000000000000000000000000000000000000000000000000000000000000000000000000000000000000000000000000000000000000000000000000000000000000000000
0000000000000000000000000000000000000000000000000000000000000000000000000000000000000000000000000000000000000000000000000000000000000000000000000000000000000000
0000000000000000000000000000000000000000000000000000000000000000000000000000000000000000000000000000000000000000000000000000000000000000000000000000000000000000
0000000000000000000000000000000000000000000000000000000000000000000000000000000000000000000000000000000000000000000000000000000000000000000000000000000000000000
0000000000000000000000000000000000000000000000000000000000000000000000000000000000000000000000000000000000000000000000000000000000000000000000000000000000000000
0000000000000000000000000000000000000000000000000000000000000000000000000000000000000000000000000000000000000000000000000000000000000000000000000000000000000000
0000000000000000000000000000000000000000000000000000000000000000000000000000000000000000000000000000000000000000000000000000000000000000000000000000000000000000
0000000000000000000000000000000000000000000000000000000000000000000000000000000000000000000000000000000000000000000000000000000000000000000000000000000000000000
0000000000000000000000000000000000000000000000000000000000000000000000000000000000000000000000000000000000000000000000000000000000000000000000000000000000000000
00000000012301230023402340034503450045604560056705670067806780078907890089a089a009ab09ab00abc0abc00bcd0bcd00cde0cde00def0def00ef00ef000f010f01000120012000000000
0000000010321032020432043030543054040654065050765076060876087070987098080a980a9090ba90ba0a0cba0cb0b0dcb0dc0c0edc0ed0d0fed0fe0e00fe00f0f010f010000210021000000000
000000002301230103402340204503450305604560406705670507806780608907890709a089a080ab09ab090bc0abc0a0cd0bcd0b0de0cde0c0ef0def0d0f00ef00e0010f010f012001200000000000
00000000321032100432043200543054300654065400765076500876087600987098700a980a9800ba90ba900cba0cba00dcb0dcb00edc0edc00fed0fed000fe00fe0010f010f0021002100000000000
00000000012301230023402340034503450045604560056705670067806780078907890089a089a009ab09ab00abc0abc00bcd0bcd00cde0cde00def0def00ef00ef000f010f01000120012000000000
0000000010321032020432043030543054040654065050765076060876087070987098080a980a9090ba90ba0a0cba0cb0b0dcb0dc0c0edc0ed0d0fed0fe0e00fe00f0f010f010000210021000000000
000000002301230103402340204503450305604560406705670507806780608907890709a089a080ab09ab090bc0abc0a0cd0bcd0b0de0cde0c0ef0def0d0f00ef00e0010f010f012001200000000000
00000000321032100432043200543054300654065400765076500876087600987098700a980a9800ba90ba900cba0cba00dcb0dcb00edc0edc00fed0fed000fe00fe0010f010f0021002100000000000
0000000000000000000000000000000000000000000000000000000000000000000000000000000000000000000000000000000000000000000000000000000000000000000000000000000000000000
0000000000000000000000000000000000000000000000000000000000000000000000000000000000000000000000000000000000000000000000000000000000000000000000000000000000000000
0000000000000000000000000000000000000000000000000000000000000000000000000000000000000000000000000000000000000000000000000000000000000000000000000000000000000000
0000000000000000000000000000000000000000000000000000000000000000000000000000000000000000000000000000000000000000000000000000000000000000000000000000000000000000
0000000000000000000000000000000000000000000000000000000000000000000000000000000000000000000000000000000000000000000000000000000000000000000000000000000000000000
0000000000000000000000000000000000000000000000000000000000000000000000000000000000000000000000000000000000000000000000000000000000000000000000000000000000000000
0000000000000000000000000000000000000000000000000000000000000000000000000000000000000000000000000000000000000000000000000000000000000000000000000000000000000000
0000000000000000000000000000000000000000000000000000000000000000000000000000000000000000000000000000000000000000000000000000000000000000000000000000000000000000
0000000000000000000000000000000000000000000000000000000000000000000000000000000000000000000000000000000000000000000000000000000000000000000000000000000000000000
0000000000000000000000000000000000000000000000000000000000000000000000000000000000000000000000000000000000000000000000000000000000000000000000000000000000000000
0000000000000000000000000000000000000000000000000000000000000000000000000000000000000000000000000000000000000000000000000000000000000000000000000000000000000000
0000000000000000000000000000000000000000000000000000000000000000000000000000000000000000000000000000000000000000000000000000000000000000000000000000000000000000
0000000000000000000000000000000000000000000000000000000000000000000000000000000000000000000000000000000000000000000000000000000000000000000000000000000000000000
0000000000000000000000000000000000000000000000000000000000000000000000000000000000000000000000000000000000000000000000000000000000000000000000000000000000000000
0000000000000000000000000000000000000000000000000000000000000000000000000000000000000000000000000000000000000000000000000000000000000000000000000000000000000000
0000000000000000000000000000000000000000000000000000000000000000000000000000000000000000000000000000000000000000000000000000000000000000000000000000000000000000
000000000123456700234567800345678900456789a0056789ab006789abc00789abcd0089abcde009abcdef00abcdef000bcdef0100cdef01200def012300ef0123400f012345000123456000000000
000000003456701204567802305678903406789a0450789ab056089abc06709abcd0780abcde0890bcdef09a0cdef00ab0def010bc0ef0120cd0f01230de0012340ef0123450f0023456001000000000
000000006701234507802345608903456709a0456780ab0567890bc06789a0cd0789ab0de089abc0ef09abcd0f00abcde0010bcdef0120cdef00230def010340ef0120450f0123056001234000000000
00000000123456700234567800345678900456789a0056789ab006789abc00789abcd0089abcde009abcdef00abcdef000bcdef0100cdef01200def012300ef0123400f0123450001234560000000000
00000000456701230567802340678903450789a0456089ab056709abc06780abcd07890bcde089a0cdef09ab0def00abc0ef010bcd0f0120cde001230def012340ef0023450f01034560012000000000
00000000701234560802345670903456780a04567890b056789a0c06789ab0d0789abc0e089abcd0f09abcde000abcdef010bcdef0020cdef01030def012040ef0123050f01234060012345000000000
0000000023456701034567802045678903056789a0406789ab050789abc06089abcd0709abcde080abcdef090bcdef00a0cdef010b0def0120c0ef01230d0f012340e00123450f012345600000000000
0000000056701234067802345078903456089a0456709ab056780abc067890bcd0789a0cde089ab0def09abc0ef00abcd0f010bcde00120cdef01230def002340ef0103450f012045600123000000000
0000000000000000000000000000000000000000000000000000000000000000000000000000000000000000000000000000000000000000000000000000000000000000000000000000000000000000
0000000000000000000000000000000000000000000000000000000000000000000000000000000000000000000000000000000000000000000000000000000000000000000000000000000000000000
0000000000000000000000000000000000000000000000000000000000000000000000000000000000000000000000000000000000000000000000000000000000000000000000000000000000000000
0000000000000000000000000000000000000000000000000000000000000000000000000000000000000000000000000000000000000000000000000000000000000000000000000000000000000000
0000000000000000000000000000000000000000000000000000000000000000000000000000000000000000000000000000000000000000000000000000000000000000000000000000000000000000
0000000000000000000000000000000000000000000000000000000000000000000000000000000000000000000000000000000000000000000000000000000000000000000000000000000000000000
0000000000000000000000000000000000000000000000000000000000000000000000000000000000000000000000000000000000000000000000000000000000000000000000000000000000000000
0000000000000000000000000000000000000000000000000000000000000000000000000000000000000000000000000000000000000000000000000000000000000000000000000000000000000000
0000000000000000000000000000000000000000000000000000000000000000000000000000000000000000000000000000000000000000000000000000000000000000000000000000000000000000
0000000000000000000000000000000000000000000000000000000000000000000000000000000000000000000000000000000000000000000000000000000000000000000000000000000000000000
0000000000000000000000000000000000000000000000000000000000000000000000000000000000000000000000000000000000000000000000000000000000000000000000000000000000000000
0000000000000000000000000000000000000000000000000000000000000000000000000000000000000000000000000000000000000000000000000000000000000000000000000000000000000000
0000000000000000000000000000000000000000000000000000000000000000000000000000000000000000000000000000000000000000000000000000000000000000000000000000000000000000
0000000000000000000000000000000000000000000000000000000000000000000000000000000000000000000000000000000000000000000000000000000000000000000000000000000000000000
0000000000000000000000000000000000000000000000000000000000000000000000000000000000000000000000000000000000000000000000000000000000000000000000000000000000000000
0000000000000000000000000000000000000000000000000000000000000000000000000000000000000000000000000000000000000000000000000000000000000000000000000000000000000000
0000000002468ace003579bdf00468ace000579bdf10068ace020079bdf13008ace024009bdf13500ace024600bdf135700ce0246800df1357900e02468a00f13579b0002468ac0013579bd000000000
0000000013579bdf02468ace003579bdf10468ace020579bdf13068ace024079bdf13508ace024609bdf13570ace024680bdf135790ce02468a0df13579b0e02468ac0f13579bd002468ace000000000
000000002468ace003579bdf00468ace000579bdf10068ace020079bdf13008ace024009bdf13500ace024600bdf135700ce0246800df1357900e02468a00f13579b0002468ac0013579bd0000000000
000000003579bdf10468ace020579bdf13068ace024079bdf13508ace024609bdf13570ace024680bdf135790ce02468a0df13579b0e02468ac0f13579bd002468ace013579bdf02468ace0000000000
00000000468ace020579bdf03068ace004079bdf10508ace020609bdf13070ace024080bdf135090ce02460a0df13570b0e024680c0f135790d002468a0e013579b0f02468ac0003579bd01000000000
00000000579bdf13068ace024079bdf13508ace024609bdf13570ace024680bdf135790ce02468a0df13579b0e02468ac0f13579bd002468ace013579bdf02468ace003579bdf10468ace02000000000
0000000068ace024079bdf03508ace004609bdf10570ace020680bdf130790ce02408a0df13509b0e02460ac0f13570bd0024680ce0135790df02468a0e003579b0f10468ac0020579bd013000000000
0000000079bdf13508ace024609bdf13570ace024680bdf135790ce02468a0df13579b0e02468ac0f13579bd002468ace013579bdf02468ace003579bdf10468ace020579bdf13068ace024000000000
0000000000000000000000000000000000000000000000000000000000000000000000000000000000000000000000000000000000000000000000000000000000000000000000000000000000000000
0000000000000000000000000000000000000000000000000000000000000000000000000000000000000000000000000000000000000000000000000000000000000000000000000000000000000000
0000000000000000000000000000000000000000000000000000000000000000000000000000000000000000000000000000000000000000000000000000000000000000000000000000000000000000
0000000000000000000000000000000000000000000000000000000000000000000000000000000000000000000000000000000000000000000000000000000000000000000000000000000000000000
0000000000000000000000000000000000000000000000000000000000000000000000000000000000000000000000000000000000000000000000000000000000000000000000000000000000000000
0000000000000000000000000000000000000000000000000000000000000000000000000000000000000000000000000000000000000000000000000000000000000000000000000000000000000000
0000000000000000000000000000000000000000000000000000000000000000000000000000000000000000000000000000000000000000000000000000000000000000000000000000000000000000
0000000000000000000000000000000000000000000000000000000000000000000000000000000000000000000000000000000000000000000000000000000000000000000000000000000000000000
0000000000000000000000000000000000000000000000000000000000000000000000000000000000000000000000000000000000000000000000000000000000000000000000000000000000000000
0000000000000000000000000000000000000000000000000000000000000000000000000000000000000000000000000000000000000000000000000000000000000000000000000000000000000000
0000000000000000000000000000000000000000000000000000000000000000000000000000000000000000000000000000000000000000000000000000000000000000000000000000000000000000
0000000000000000000000000000000000000000000000000000000000000000000000000000000000000000000000000000000000000000000000000000000000000000000000000000000000000000
0000000000000000000000000000000000000000000000000000000000000000000000000000000000000000000000000000000000000000000000000000000000000000000000000000000000000000
0000000000000000000000000000000000000000000000000000000000000000000000000000000000000000000000000000000000000000000000000000000000000000000000000000000000000000
0000000000000000000000000000000000000000000000000000000000000000000000000000000000000000000000000000000000000000000000000000000000000000000000000000000000000000
0000000000000000000000000000000000000000000000000000000000000000000000000000000000000000000000000000000000000000000000000000000000000000000000000000000000000000
0000000000000000000000000000000000000000000000000000000000000000000000000000000000000000000000000000000000000000000000000000000000000000000000000000000000000000
0000000000000000000000000000000000000000000000000000000000000000000000000000000000000000000000000000000000000000000000000000000000000000000000000000000000000000
0000000000000000000000000000000000000000000000000000000000000000000000000000000000000000000000000000000000000000000000000000000000000000000000000000000000000000
0000000000000000000000000000000000000000000000000000000000000000000000000000000000000000000000000000000000000000000000000000000000000000000000000000000000000000
0000000000000000000000000000000000000000000000000000000000000000000000000000000000000000000000000000000000000000000000000000000000000000000000000000000000000000
0000000000000000000000000000000000000000000000000000000000000000000000000000000000000000000000000000000000000000000000000000000000000000000000000000000000000000
0000000000000000000000000000000000000000000000000000000000000000000000000000000000000000000000000000000000000000000000000000000000000000000000000000000000000000
0000000000000000000000000000000000000000000000000000000000000000000000000000000000000000000000000000000000000000000000000000000000000000000000000000000000000000
0000000000000000000000000000000000000000000000000000000000000000000000000000000000000000000000000000000000000000000000000000000000000000000000000000000000000000
0000000000000000000000000000000000000000000000000000000000000000000000000000000000000000000000000000000000000000000000000000000000000000000000000000000000000000
0000000000000000000000000000000000000000000000000000000000000000000000000000000000000000000000000000000000000000000000000000000000000000000000000000000000000000
0000000000000000000000000000000000000000000000000000000000000000000000000000000000000000000000000000000000000000000000000000000000000000000000000000000000000000
0000000000000000000000000000000000000000000000000000000000000000000000000000000000000000000000000000000000000000000000000000000000000000000000000000000000000000
0000000000000000000000000000000000000000000000000000000000000000000000000000000000000000000000000000000000000000000000000000000000000000000000000000000000000000
